3,2
3,1
3,3
10,177
10,209
10,313
10,187
10,103
10,199
10,19
10,1
10,229
10,2
10,3
11,27
11,11
11,17
11,21
11,23
11,29
11,1
11,15
11,2
11,3
9,7
9,1
9,5
9,2
9,3
8,14
8,6
8,12
8,9
8,17
8,1
8,8
8,2
8,3
12,2
12,1
12,3
20,2
20,1
20,3
19,2
19,1
19,3
18,1
18,3
54,3
14,1
54,2
54,1
14,3
54,0
13,1
53,5
13,3
53,4
53,3
53,2
53,1
53,0
52,4
52,3
52,2
52,1
52,0
51,4
51,3
51,2
51,1
51,0
50,4
50,3
2,2
50,2
2,1
50,1
2,3
50,0
49,3
49,2
49,1
49,0
0,472
0,243
0,0
56,34
56,33
56,32
56,31
56,30
56,29
56,28
56,27
56,26
